country,region_id,authority_id,auth_name_e,old_park_id,new_park_id,park_offical_id
England,E12000004,E07000170,Ashfield,ASHFI_a78cb02d47db,580a9f292ef9,ASHFI_0
England,E12000004,E07000170,Ashfield,ASHFI_983b8b479399;ASHFI_e3f648256973,00d4f6fbf8d3,ASHFI_1
England,E12000004,E07000170,Ashfield,ASHFI_e90ffd0e5e4a,09be515fdde1,ASHFI_2
England,E12000004,E07000170,Ashfield,ASHFI_9b17469c2755,9fa237dda816,ASHFI_3
England,E12000004,E07000170,Ashfield,ASHFI_6b5e6bcb07c6;ASHFI_75842a17cb36,22d36b510438,ASHFI_4
England,E12000004,E07000170,Ashfield,ASHFI_9b53cb301879,ce188169625f,ASHFI_5
England,E12000004,E07000170,Ashfield,ASHFI_a4dababcde2b,0e15ec5d2fc1,ASHFI_6
England,E12000004,E07000170,Ashfield,ASHFI_88102fa10166;ASHFI_13065a883ff1,5f0ddba67776,ASHFI_7
England,E12000004,E07000170,Ashfield,ASHFI_3da53ed4844c;ASHFI_72e6561fb00d,186c7202f86d,ASHFI_8
England,E12000004,E07000170,Ashfield,ASHFI_08d836c5e184,baef388f3fc1,ASHFI_9
England,E12000004,E07000170,Ashfield,ASHFI_15d3e29d394c,67adf88ac00e,ASHFI_10
England,E12000004,E07000170,Ashfield,ASHFI_e1078949ef83,cdaff263e06b,ASHFI_11
England,E12000004,E07000170,Ashfield,ASHFI_fa080f13c3c4,ac056afe7b1f,ASHFI_12
England,E12000004,E07000170,Ashfield,ASHFI_87e898a89710,d4d17494cc59,ASHFI_13
England,E12000004,E07000170,Ashfield,ASHFI_816b0a4b3c75;ASHFI_98711ad0cf61,d1e94a5a4ac2,ASHFI_14
England,E12000004,E07000170,Ashfield,ASHFI_0a54603786e3;ASHFI_6ed99876bb9f,bf3c69d6d1f4,ASHFI_15
England,E12000004,E07000170,Ashfield,ASHFI_9966eaff2f49;ASHFI_39241a145eea,b6cb4f3803ff,ASHFI_16
England,E12000004,E07000170,Ashfield,ASHFI_4f2aedbb6959,063cdb3d58d2,ASHFI_17
England,E12000004,E07000170,Ashfield,ASHFI_eba503c73fd6;ASHFI_dc79112c40dc,f0a96a1aeaa6,ASHFI_18
England,E12000004,E07000170,Ashfield,ASHFI_b8283a5af94f;ASHFI_5fce44cba57c,a8352f110fe0,ASHFI_19
England,E12000004,E07000170,Ashfield,ASHFI_35c821bddc01;ASHFI_369fbd44db6c,801fc68a152a,ASHFI_20
England,E12000004,E07000170,Ashfield,ASHFI_7f2e311816a1;ASHFI_c41b83373f6b,1ea2f87fae67,ASHFI_21
England,E12000004,E07000170,Ashfield,ASHFI_9d0cbb97b567;ASHFI_55d551e278a9,7c132321e9bb,ASHFI_22
England,E12000004,E07000170,Ashfield,ASHFI_2dadec6b548a,686a55d2d097,ASHFI_23
England,E12000004,E07000170,Ashfield,ASHFI_1a46b2e39d77;ASHFI_42e6d4114ffc,66e52b08b3f1,ASHFI_24
England,E12000004,E07000170,Ashfield,ASHFI_d9b9090f39cf;ASHFI_a20a84a7d9c3,8aa101b67072,ASHFI_25
England,E12000004,E07000170,Ashfield,ASHFI_58c29c51c378;ASHFI_3341629c6d6d;ASHFI_8645dd620973,65a84ac35914,ASHFI_26
England,E12000004,E07000170,Ashfield,ASHFI_14b2e95df9de,e0573df35665,ASHFI_27
England,E12000004,E07000170,Ashfield,ASHFI_b270b7c8c699;ASHFI_831dc1aad1c1,8234c1018dff,ASHFI_28
England,E12000004,E07000170,Ashfield,ASHFI_7875101bbed3;ASHFI_6d75c6b21b5d,bbb214e24e5a,ASHFI_29
England,E12000004,E07000170,Ashfield,ASHFI_99fb2433b75c,ad44957270da,ASHFI_30
England,E12000004,E07000170,Ashfield,ASHFI_adeadbabfd6e,bf3075c13922,ASHFI_31
England,E12000004,E07000170,Ashfield,ASHFI_eb2ea1a04ae2,730238e538c1,ASHFI_32
England,E12000004,E07000170,Ashfield,ASHFI_8ec0e7936108,370165272552,ASHFI_33
England,E12000004,E07000170,Ashfield,ASHFI_b318c5a229c7,b55ba122d101,ASHFI_34
England,E12000004,E07000170,Ashfield,ASHFI_c44c3f4dc47a,188391fb5bd1,ASHFI_35
England,E12000004,E07000170,Ashfield,ASHFI_aa3c7668b3ad,5a4cbb730f0d,ASHFI_36
England,E12000004,E07000170,Ashfield,ASHFI_03cd56775731,f055105bc344,ASHFI_37
England,E12000004,E07000170,Ashfield,ASHFI_01358044a082,563bfef92652,ASHFI_38
England,E12000004,E07000170,Ashfield,ASHFI_46b2c20af076,8924a5fd679e,ASHFI_39
England,E12000004,E07000170,Ashfield,ASHFI_8839373ca8e7,0a0354fe76ed,ASHFI_40
England,E12000004,E07000170,Ashfield,ASHFI_1e55d01dcdd5,181ad935228f,ASHFI_41
England,E12000004,E07000170,Ashfield,ASHFI_a6a4fb0146f3,a0527ed96578,ASHFI_42
England,E12000004,E07000170,Ashfield,ASHFI_061b3e1a0132,5de95c7fd202,ASHFI_43
England,E12000004,E07000170,Ashfield,ASHFI_3c2e34d4d5f3,a01f3fee3f6e,ASHFI_44
England,E12000004,E07000170,Ashfield,ASHFI_2c591c157056,036cdc8cc5d4,ASHFI_45
England,E12000004,E07000170,Ashfield,ASHFI_8e25c81647b1,b95a8171a2d8,ASHFI_46
England,E12000004,E07000170,Ashfield,ASHFI_2a27c820863c,d80910125883,ASHFI_47
England,E12000004,E07000170,Ashfield,ASHFI_d946778f2150,2cd6a9cdffc3,ASHFI_48
England,E12000004,E07000170,Ashfield,ASHFI_f6718aa2f837,e4a9fd6b89f9,ASHFI_49
England,E12000004,E07000170,Ashfield,ASHFI_59ae4f6850b8,be6bfbfad922,ASHFI_50
England,E12000004,E07000170,Ashfield,ASHFI_e089a252c9fd,e69336773548,ASHFI_51
England,E12000004,E07000170,Ashfield,ASHFI_5ced008e9d5d,86e31f115e52,ASHFI_52
England,E12000004,E07000170,Ashfield,ASHFI_bb4f146e541f,1ece601a3d8f,ASHFI_53
England,E12000004,E07000170,Ashfield,ASHFI_e261afe91674,13c221cc2a7f,ASHFI_54
England,E12000004,E07000170,Ashfield,ASHFI_4980e74a6e56,967687eb90cc,ASHFI_55
England,E12000004,E07000170,Ashfield,ASHFI_8f25ce716cf0,5ccba462db30,ASHFI_56
England,E12000004,E07000170,Ashfield,ASHFI_46644120023e,2aed1f39af18,ASHFI_57
England,E12000004,E07000170,Ashfield,ASHFI_0d5d5fbe081e,fbf47949121f,ASHFI_58
England,E12000004,E07000170,Ashfield,ASHFI_c7b1f69fbeff,856426bdb139,ASHFI_59
England,E12000004,E07000170,Ashfield,ASHFI_ac2a09a76f1e,f514d05caadf,ASHFI_60
England,E12000004,E07000170,Ashfield,ASHFI_a2f5a38826e7,77fe4cf2529d,ASHFI_61
England,E12000004,E07000170,Ashfield,ASHFI_81c7d27d8214,bfbe30e9631c,ASHFI_62
England,E12000004,E07000170,Ashfield,ASHFI_1a80155f0488,a93496d897c4,ASHFI_63
England,E12000004,E07000170,Ashfield,ASHFI_af47359a5c8a,9c8e59e24734,ASHFI_64
England,E12000004,E07000170,Ashfield,ASHFI_f44b3341a984,7eb570e61242,ASHFI_65
England,E12000004,E07000170,Ashfield,ASHFI_767e38e674dc,1c09374c4df1,ASHFI_66
England,E12000004,E07000170,Ashfield,ASHFI_ef76152efe24,d5cf9099350e,ASHFI_67
England,E12000004,E07000170,Ashfield,ASHFI_c5d47c615a58,a7be722679ff,ASHFI_68
England,E12000004,E07000170,Ashfield,ASHFI_ad1c8fe1f4ab,22e4d56f3aa9,ASHFI_69
England,E12000004,E07000170,Ashfield,ASHFI_ef99a667e88b,ba46aa9accf8,ASHFI_70
England,E12000004,E07000170,Ashfield,ASHFI_0fc4a88f111b,f3bacb97c68d,ASHFI_71
England,E12000004,E07000170,Ashfield,ASHFI_63eaad78915a,8b5b7c1c99f9,ASHFI_72
England,E12000004,E07000170,Ashfield,ASHFI_b9663d14057a,25db28f2cac2,ASHFI_73
England,E12000004,E07000170,Ashfield,ASHFI_ae77240dcd72,ba17dddac1a4,ASHFI_74
England,E12000004,E07000170,Ashfield,ASHFI_c55bfece2370,f6c185c5ad09,ASHFI_75
England,E12000004,E07000170,Ashfield,ASHFI_adb649c13e03,23f9593e7072,ASHFI_76
England,E12000004,E07000170,Ashfield,ASHFI_3f94b5272566,fbac3c0a61e2,ASHFI_77
England,E12000004,E07000170,Ashfield,ASHFI_5df226fb8d80,d33263c45009,ASHFI_78
England,E12000004,E07000170,Ashfield,ASHFI_439a727f7431,5f2c926bba55,ASHFI_79
England,E12000004,E07000170,Ashfield,ASHFI_8d4ebfa27ff3,02111cbc6577,ASHFI_80
England,E12000004,E07000170,Ashfield,ASHFI_202e623f4eaf,1fea18d82544,ASHFI_81
England,E12000004,E07000170,Ashfield,ASHFI_ee40584499a5,006164b3118b,ASHFI_82
England,E12000004,E07000170,Ashfield,ASHFI_8a13af6b50e5,c79a80bfdadb,ASHFI_83
England,E12000004,E07000170,Ashfield,ASHFI_9b37d472e8fa,ea41c958c4b8,ASHFI_84
England,E12000004,E07000170,Ashfield,ASHFI_a390eea1b55d,6a46987aa937,ASHFI_85
England,E12000004,E07000170,Ashfield,ASHFI_22f40c3efba1,d7867e96c1f7,ASHFI_86
England,E12000004,E07000170,Ashfield,ASHFI_3851e1517cc1,8216adb47bd6,ASHFI_87
England,E12000004,E07000170,Ashfield,ASHFI_dfdbd89702d0,34994bc9e8b9,ASHFI_88
England,E12000004,E07000170,Ashfield,ASHFI_fae64faf6ea1,a18bea980f08,ASHFI_89
England,E12000004,E07000170,Ashfield,ASHFI_2d40ef953ac2,458a175459c7,ASHFI_90
England,E12000004,E07000170,Ashfield,ASHFI_68e218715c1d,429caf78cfb1,ASHFI_91
England,E12000004,E07000170,Ashfield,ASHFI_c1bf5aa5778e,a38431c655cf,ASHFI_92
England,E12000004,E07000170,Ashfield,ASHFI_ab1af88a618b,beb662c80e0d,ASHFI_93
England,E12000004,E07000170,Ashfield,ASHFI_16e891b43a1a,1b0ece96cb8d,ASHFI_94
England,E12000004,E07000170,Ashfield,ASHFI_35f09d377c91,6b20a7819a6f,ASHFI_95
England,E12000004,E07000170,Ashfield,ASHFI_8e844f445107,ea9d3b989a3b,ASHFI_96
England,E12000004,E07000170,Ashfield,ASHFI_4eda34e9fd1d,6c1a69be5ec8,ASHFI_97
England,E12000004,E07000170,Ashfield,ASHFI_e25ff10dfb3c,34b702e0b22e,ASHFI_98
England,E12000004,E07000170,Ashfield,ASHFI_9a4bdcd84004,fb9a462625db,ASHFI_99
England,E12000004,E07000170,Ashfield,ASHFI_c43575d8d243,4d4df415603c,ASHFI_100
England,E12000004,E07000170,Ashfield,ASHFI_c11802473a3d,0d09c2fc6970,ASHFI_101
England,E12000004,E07000170,Ashfield,ASHFI_f33189afeca1,faa43ea708bb,ASHFI_102
England,E12000004,E07000170,Ashfield,ASHFI_c97822cd042d,677ce7753682,ASHFI_103
England,E12000004,E07000170,Ashfield,ASHFI_aa444b1ed636,90a656301840,ASHFI_104
England,E12000004,E07000170,Ashfield,ASHFI_99b1174a7f19,929168523ed0,ASHFI_105
England,E12000004,E07000170,Ashfield,ASHFI_1c7f786d710e,36cac5fb0454,ASHFI_106
England,E12000004,E07000170,Ashfield,ASHFI_50e47321876a,d79df774971a,ASHFI_107
England,E12000004,E07000170,Ashfield,ASHFI_a366c6f237f1,4e1063422ec6,ASHFI_108
England,E12000004,E07000170,Ashfield,ASHFI_374541968f41,075586a9de5b,ASHFI_109
England,E12000004,E07000170,Ashfield,ASHFI_05e68c1ef422,70fadb98d333,ASHFI_110
England,E12000004,E07000170,Ashfield,ASHFI_1cbce7d0ca19,27cbf8eb0342,ASHFI_111
England,E12000004,E07000170,Ashfield,ASHFI_cf867cef25e7,6af5c5f3cea4,ASHFI_112
England,E12000004,E07000170,Ashfield,ASHFI_e5d9717650e7,0ffa0f53acd8,ASHFI_113
England,E12000004,E07000170,Ashfield,ASHFI_2d1e055b0710,5d70c5a8a4bc,ASHFI_114
England,E12000004,E07000170,Ashfield,ASHFI_c6389e763282,194e8e0cf257,ASHFI_115
England,E12000004,E07000170,Ashfield,ASHFI_6b9beacbb9ac,664d5bd67f50,ASHFI_116
England,E12000004,E07000170,Ashfield,ASHFI_efa6344d810d,58b896862967,ASHFI_117
England,E12000004,E07000170,Ashfield,ASHFI_120e0becb495,de8e234732c9,ASHFI_118
England,E12000004,E07000170,Ashfield,ASHFI_b1aab66e979e,9966ccd6e725,ASHFI_119
England,E12000004,E07000170,Ashfield,ASHFI_e660417db590,cc73e0154354,ASHFI_120
England,E12000004,E07000170,Ashfield,ASHFI_8cfc9ad35f8b,684b45e6796b,ASHFI_121
England,E12000004,E07000170,Ashfield,ASHFI_0bbfbbb1f212,3b393879a5b3,ASHFI_122
England,E12000004,E07000170,Ashfield,ASHFI_23f313245097,8f7e5e2cb9f6,ASHFI_123
England,E12000004,E07000170,Ashfield,ASHFI_ff4a687c8632,01b7e0a32a1e,ASHFI_124
England,E12000004,E07000170,Ashfield,ASHFI_ccf83938428a,69ac926d46b6,ASHFI_125
England,E12000004,E07000170,Ashfield,ASHFI_2c7e79bf4200,d7eee206d498,ASHFI_126
England,E12000004,E07000170,Ashfield,ASHFI_d043d477eb92,09cccf2e57d5,ASHFI_127
England,E12000004,E07000170,Ashfield,ASHFI_1240ec3aa49d,8d44de725bc8,ASHFI_128
England,E12000004,E07000170,Ashfield,ASHFI_f6679aaa6a1d,3538b2af6389,ASHFI_129
England,E12000004,E07000170,Ashfield,ASHFI_dd5abd7e53fc,78d87275061a,ASHFI_130
England,E12000004,E07000170,Ashfield,ASHFI_5fdb449e1be5,050187ccc335,ASHFI_131
England,E12000004,E07000170,Ashfield,ASHFI_6c84d8d2b196,79624d11db52,ASHFI_132
England,E12000004,E07000170,Ashfield,ASHFI_14b8a7c1c85a,7fbd6d6540e5,ASHFI_133
England,E12000004,E07000170,Ashfield,ASHFI_ec32682fc49f,a24a6be8aa77,ASHFI_134
England,E12000004,E07000170,Ashfield,ASHFI_6b9854bb4e11,281351114de3,ASHFI_135
England,E12000004,E07000170,Ashfield,ASHFI_03f666f11196,cb48da33d5e5,ASHFI_136
England,E12000004,E07000170,Ashfield,ASHFI_8f32f44cdfb1,d89c3976ace1,ASHFI_137
England,E12000004,E07000170,Ashfield,ASHFI_7cc65f9febf9,0f2b63ac46fb,ASHFI_138
England,E12000004,E07000170,Ashfield,ASHFI_011d66ad36d6,6aad60e354f7,ASHFI_139
England,E12000004,E07000170,Ashfield,ASHFI_33eaa780b646,facdedf1a793,ASHFI_140
England,E12000004,E07000170,Ashfield,ASHFI_9661e51e996b,7b9a4c654b74,ASHFI_141
England,E12000004,E07000170,Ashfield,ASHFI_d916d47b69ff,469a1185a7b1,ASHFI_142
England,E12000004,E07000170,Ashfield,ASHFI_527cdf6e0d73,44adc895fd56,ASHFI_143
England,E12000004,E07000170,Ashfield,ASHFI_9291f488e0ff,b048c2e97ca1,ASHFI_144
England,E12000004,E07000170,Ashfield,ASHFI_347dea7f5e8f,430681ef2868,ASHFI_145
England,E12000004,E07000170,Ashfield,ASHFI_2deafc9b7e9f,d8b4293250f0,ASHFI_146
England,E12000004,E07000170,Ashfield,ASHFI_6eca87abff05,0fd07b3f351d,ASHFI_147
England,E12000004,E07000170,Ashfield,ASHFI_cafa5487d19d,63910bdf17b6,ASHFI_148
England,E12000004,E07000170,Ashfield,ASHFI_7816e85b5c57,5f576fff4529,ASHFI_149
England,E12000004,E07000170,Ashfield,ASHFI_bb1c8582b1a0,2a715d751685,ASHFI_150
England,E12000004,E07000170,Ashfield,ASHFI_4562ac187b3d,4b44136fa56a,ASHFI_151
England,E12000004,E07000170,Ashfield,ASHFI_4b5e8bb7f396,d845ac8ef70c,ASHFI_152
England,E12000004,E07000170,Ashfield,ASHFI_ddfad4cf08d5,6485ddff8885,ASHFI_153
England,E12000004,E07000170,Ashfield,ASHFI_8dee3b5851aa,106d5bf31fda,ASHFI_154
England,E12000004,E07000170,Ashfield,ASHFI_36c7c7d5fff1,56eed0eeab1e,ASHFI_155
England,E12000004,E07000170,Ashfield,ASHFI_6dcb63ac6dda,03941b394b8c,ASHFI_156
England,E12000004,E07000170,Ashfield,ASHFI_a4a0f2e2d209,fc152ee46c11,ASHFI_157
England,E12000004,E07000170,Ashfield,ASHFI_b86d1aa1e72e,8836a6d78cf7,ASHFI_158
England,E12000004,E07000170,Ashfield,ASHFI_27449fd67b0e,299b96a77b99,ASHFI_159
England,E12000004,E07000170,Ashfield,ASHFI_360cfd3b0906,7f15f27720cb,ASHFI_160
England,E12000004,E07000170,Ashfield,ASHFI_5dd7c48c2b49,224c05a1c865,ASHFI_161
England,E12000004,E07000170,Ashfield,ASHFI_ef91563e834f,f59dffecf0fd,ASHFI_162
England,E12000004,E07000170,Ashfield,ASHFI_40d4ea6b9311,cda3323a110c,ASHFI_163
England,E12000004,E07000170,Ashfield,ASHFI_028057cad305,2959eef8843a,ASHFI_164
England,E12000004,E07000170,Ashfield,ASHFI_da4152335851,acd1bf4febfd,ASHFI_165
England,E12000004,E07000170,Ashfield,ASHFI_1bb2275f7cd9,d636a78a4f05,ASHFI_166
England,E12000004,E07000170,Ashfield,ASHFI_48ba94e66d61,e752d5c1decf,ASHFI_167
England,E12000004,E07000170,Ashfield,ASHFI_eb1475eb5712,d9c2262d74f9,ASHFI_168
England,E12000004,E07000170,Ashfield,ASHFI_1999c5c6af17,39c9e11dfc35,ASHFI_169
England,E12000004,E07000170,Ashfield,ASHFI_f648b910f0a1,ac4849aaa2ba,ASHFI_170
England,E12000004,E07000170,Ashfield,ASHFI_a53480adc0f5,fb122b25e0b8,ASHFI_171
England,E12000004,E07000170,Ashfield,ASHFI_add03fb574ae,fbc2e2f6498b,ASHFI_172
England,E12000004,E07000170,Ashfield,ASHFI_fae7fb01da15,704533821774,ASHFI_173
England,E12000004,E07000170,Ashfield,ASHFI_7bf09c58efd9,c2b0eb94915c,ASHFI_174
England,E12000004,E07000170,Ashfield,ASHFI_13e1ca00cd61,83ac95ebc9aa,ASHFI_175
England,E12000004,E07000170,Ashfield,ASHFI_3a1265ad88a8,bdd7aed5958e,ASHFI_176
England,E12000004,E07000170,Ashfield,ASHFI_c8e2b3de86e4,89ea58c68a64,ASHFI_177
England,E12000004,E07000170,Ashfield,ASHFI_8eccbedc94b9,26ea96181b61,ASHFI_178
England,E12000004,E07000170,Ashfield,ASHFI_4a040bf913e8,9daa0b7d96e7,ASHFI_179
England,E12000004,E07000170,Ashfield,ASHFI_188dfe10fdf7,ec6109854fde,ASHFI_180
England,E12000004,E07000170,Ashfield,ASHFI_f7038d72620d,05355ebbbde4,ASHFI_181
England,E12000004,E07000170,Ashfield,ASHFI_4b34fb72d8ee,49deea45c4da,ASHFI_182
England,E12000004,E07000170,Ashfield,ASHFI_5fd418ec9fd9,130ccb9d101a,ASHFI_183
England,E12000004,E07000170,Ashfield,ASHFI_5d323cddd2fb,a829d6011935,ASHFI_184
England,E12000004,E07000170,Ashfield,ASHFI_c3b79a7075e2,604fabb4c47b,ASHFI_185
England,E12000004,E07000170,Ashfield,ASHFI_348f7085c86f,46315a4cf4c4,ASHFI_186
England,E12000004,E07000170,Ashfield,ASHFI_12c4f202438e,c99ce9a3782e,ASHFI_187
England,E12000004,E07000170,Ashfield,ASHFI_dd1a6600c6e0,b935d69e9e67,ASHFI_188
England,E12000004,E07000170,Ashfield,ASHFI_a7f142507e83,f09b96f73b20,ASHFI_189
England,E12000004,E07000170,Ashfield,ASHFI_f98557620c59,3b285655f093,ASHFI_190
England,E12000004,E07000170,Ashfield,ASHFI_28769119fc7f,aec9ceb510d9,ASHFI_191
England,E12000004,E07000170,Ashfield,ASHFI_21508043d63d,0028865df588,ASHFI_192
England,E12000004,E07000170,Ashfield,ASHFI_220d4e561373,9181bf301bc0,ASHFI_193
England,E12000004,E07000170,Ashfield,ASHFI_66b7adab780b,bb358541598b,ASHFI_194
England,E12000004,E07000170,Ashfield,ASHFI_9c553406dfa7,c04111ecd919,ASHFI_195
England,E12000004,E07000170,Ashfield,ASHFI_0224fc0ac1da,b1c3ef1c622f,ASHFI_196
England,E12000004,E07000170,Ashfield,ASHFI_56ca84f296a6,ce1686be42a2,ASHFI_197
England,E12000004,E07000170,Ashfield,ASHFI_366c301248a1,f9c4dd26a1c9,ASHFI_198
England,E12000004,E07000170,Ashfield,ASHFI_cb52fc1d95ce,b51ea087b78b,ASHFI_199
England,E12000004,E07000170,Ashfield,ASHFI_694802845972,68492a92a1c3,ASHFI_200
England,E12000004,E07000170,Ashfield,ASHFI_196b4d747405,3c5cc84fa85f,ASHFI_201
England,E12000004,E07000170,Ashfield,ASHFI_42873edd5079,6eb425a25ab3,ASHFI_202
England,E12000004,E07000170,Ashfield,ASHFI_64a4137b197e,6f2187efe958,ASHFI_203
England,E12000004,E07000170,Ashfield,ASHFI_48d4eff4394e,c2c0e4e4fd51,ASHFI_204
England,E12000004,E07000170,Ashfield,ASHFI_33d13c8514e9,598842058f56,ASHFI_205
England,E12000004,E07000170,Ashfield,ASHFI_c6007eed47e3,5e1807f71068,ASHFI_206
England,E12000004,E07000170,Ashfield,ASHFI_be0cde024beb,b6cd0ed1dcc9,ASHFI_207
England,E12000004,E07000170,Ashfield,ASHFI_64698f296d65,0aeb48349ed7,ASHFI_208
England,E12000004,E07000170,Ashfield,ASHFI_68c7c406af5f,1303e5185752,ASHFI_209
England,E12000004,E07000170,Ashfield,ASHFI_9b37615a8350,360ec3bfff0f,ASHFI_210
England,E12000004,E07000170,Ashfield,ASHFI_240c20c6f547,98d53e757a1d,ASHFI_211
England,E12000004,E07000170,Ashfield,ASHFI_8340730373d4,30e79a09d7b0,ASHFI_212
England,E12000004,E07000170,Ashfield,ASHFI_fa68a3c2e224,ef6c99f10c1f,ASHFI_213
England,E12000004,E07000170,Ashfield,ASHFI_3186664bf96b,7e78bb0aa9fe,ASHFI_214
England,E12000004,E07000170,Ashfield,ASHFI_64fc6528a8bc,6bab5f8e1b59,ASHFI_215
England,E12000004,E07000170,Ashfield,ASHFI_c33d04c51616,e74b118b35de,ASHFI_216
England,E12000004,E07000170,Ashfield,ASHFI_f96f3f8b8a37,a1f08a8312b4,ASHFI_217
England,E12000004,E07000170,Ashfield,ASHFI_24cbc9b8d982,2d6813383974,ASHFI_218
England,E12000004,E07000170,Ashfield,ASHFI_c46057e2a8d1,4d1a8a8d1e49,ASHFI_219
England,E12000004,E07000170,Ashfield,ASHFI_26e1280ebfec,e86977b260f0,ASHFI_220
England,E12000004,E07000170,Ashfield,ASHFI_400b80fd5b24,3c2fa9a4da85,ASHFI_221
England,E12000004,E07000170,Ashfield,ASHFI_318084ef965b,ae48c65a80d0,ASHFI_222
England,E12000004,E07000170,Ashfield,ASHFI_00ee32dc091d,9e12f1119064,ASHFI_223
England,E12000004,E07000170,Ashfield,ASHFI_5d7cf52d05c5,61290fc9bffa,ASHFI_224
England,E12000004,E07000170,Ashfield,ASHFI_c2e82f60f986,649031412822,ASHFI_225
England,E12000004,E07000170,Ashfield,ASHFI_bf2eca1ea648,6a1148910c60,ASHFI_226
England,E12000004,E07000170,Ashfield,ASHFI_bec9f822acef,e94c70a8f85a,ASHFI_227
England,E12000004,E07000170,Ashfield,ASHFI_4bb2bd6deb4d,b369c7532dc1,ASHFI_228
England,E12000004,E07000170,Ashfield,ASHFI_6d9adc4da87e,9abb6715a0af,ASHFI_229
England,E12000004,E07000170,Ashfield,ASHFI_b9d0c3fce829,486a6fd60c7e,ASHFI_230
England,E12000004,E07000170,Ashfield,ASHFI_a1631242d016,3fdaceb45424,ASHFI_231
England,E12000004,E07000170,Ashfield,ASHFI_6478f9fd1e54,cb321ab6567a,ASHFI_232
England,E12000004,E07000170,Ashfield,ASHFI_44ed1cf08f25,cde4ccf39065,ASHFI_233
England,E12000004,E07000170,Ashfield,ASHFI_ae045a429df5,c57de03a53c4,ASHFI_234
England,E12000004,E07000170,Ashfield,ASHFI_c9a220ac02d5,a6b502100199,ASHFI_235
England,E12000004,E07000170,Ashfield,ASHFI_8a40d9e41760,1c52a03aa84d,ASHFI_236
England,E12000004,E07000170,Ashfield,ASHFI_cd401dfec300,b962dd8d868f,ASHFI_237
England,E12000004,E07000170,Ashfield,ASHFI_4b44d19ef958,e02558d0b62c,ASHFI_238
England,E12000004,E07000170,Ashfield,ASHFI_b917e2dc1661,820572c77af1,ASHFI_239
England,E12000004,E07000170,Ashfield,ASHFI_1a6905fe417c,2a6ed2838b7b,ASHFI_240
England,E12000004,E07000170,Ashfield,ASHFI_baa4e79a9814,66b1aa4ccde0,ASHFI_241
England,E12000004,E07000170,Ashfield,ASHFI_55ab53bcab51,31340b725ff7,ASHFI_242
England,E12000004,E07000170,Ashfield,ASHFI_3253f882f33b,b0d6c6e779d6,ASHFI_243
England,E12000004,E07000170,Ashfield,ASHFI_dfeacbdb9b14,7b898d0dee0d,ASHFI_244
England,E12000004,E07000170,Ashfield,ASHFI_684c3873707c,b86a10768a35,ASHFI_245
England,E12000004,E07000170,Ashfield,ASHFI_8a3a1f1f352e,a5b13b4ef954,ASHFI_246
England,E12000004,E07000170,Ashfield,ASHFI_81a4aa6449aa,030ca939feff,ASHFI_247
England,E12000004,E07000170,Ashfield,ASHFI_dd5f4a5d4847,3a8dcb8b633f,ASHFI_248
England,E12000004,E07000170,Ashfield,ASHFI_f82775be8046,0b105b95e992,ASHFI_249
England,E12000004,E07000170,Ashfield,ASHFI_7672594babbf,ce02f2c9d2da,ASHFI_250
England,E12000004,E07000170,Ashfield,ASHFI_897d9ecbd87c,a16dcb75707b,ASHFI_251
England,E12000004,E07000170,Ashfield,ASHFI_2369affd857c,d1c7349215df,ASHFI_252
England,E12000004,E07000170,Ashfield,ASHFI_691a32ed7bbf,efc5745923a4,ASHFI_253
England,E12000004,E07000170,Ashfield,ASHFI_e01bcdab95cf,6a6b37b9d3bf,ASHFI_254
England,E12000004,E07000170,Ashfield,ASHFI_85a9624ed3c0,f6c08f8f04d8,ASHFI_255
England,E12000004,E07000170,Ashfield,ASHFI_c131bd9c9776,fdc2be9e1882,ASHFI_256
England,E12000004,E07000170,Ashfield,ASHFI_3cd940d36d23,ca1041863b5a,ASHFI_257
England,E12000004,E07000170,Ashfield,ASHFI_ca1ce99e89c3,151d3088fb94,ASHFI_258
England,E12000004,E07000170,Ashfield,ASHFI_ad43364eb732,abbd9aa37433,ASHFI_259
England,E12000004,E07000170,Ashfield,ASHFI_bf7c90d2e5d8,b87413b1ded6,ASHFI_260
England,E12000004,E07000170,Ashfield,ASHFI_69f2e2812d23,0e1c7b733ee4,ASHFI_261
England,E12000004,E07000170,Ashfield,ASHFI_c1b9bbf2ee8c,ea96f05738a0,ASHFI_262
England,E12000004,E07000170,Ashfield,ASHFI_55862dfe5ff6,6b6215fc448c,ASHFI_263
England,E12000004,E07000170,Ashfield,ASHFI_0951579f0814,2c4b97e43a14,ASHFI_264
England,E12000004,E07000170,Ashfield,ASHFI_40d675b7e5b4,aa61b89a2153,ASHFI_265
England,E12000004,E07000170,Ashfield,ASHFI_49dd07fd9b1a,54d0b8308005,ASHFI_266
England,E12000004,E07000170,Ashfield,ASHFI_80e6d9399a42,2ff575f4761a,ASHFI_267
England,E12000004,E07000170,Ashfield,ASHFI_696e5deb3abc,d0ad8aaf981e,ASHFI_268
England,E12000004,E07000170,Ashfield,ASHFI_5a313b9ef8c2,75c11c9da118,ASHFI_269
England,E12000004,E07000170,Ashfield,ASHFI_41804bdc5eaa,7c63bb6ac159,ASHFI_270
England,E12000004,E07000170,Ashfield,ASHFI_d000f2b11704,ff1abd8824a2,ASHFI_271
England,E12000004,E07000170,Ashfield,ASHFI_b5893d04f2ee,aa8269d18945,ASHFI_272
England,E12000004,E07000170,Ashfield,ASHFI_1f37090f0b2f,ba190f82ebff,ASHFI_273
England,E12000004,E07000170,Ashfield,ASHFI_a68ee060bbb0,1c1eb1b9e492,ASHFI_274
England,E12000004,E07000170,Ashfield,ASHFI_7a186441f5de,7a48aae56789,ASHFI_275
England,E12000004,E07000170,Ashfield,ASHFI_8f9e85321ad6,346d476062b2,ASHFI_276
England,E12000004,E07000170,Ashfield,ASHFI_b0a7fbbda2b8,9a484392c6ab,ASHFI_277
England,E12000004,E07000170,Ashfield,ASHFI_f9b15c5419da,66064568674b,ASHFI_278
England,E12000004,E07000170,Ashfield,ASHFI_53f0aa70718d,63c4651bd928,ASHFI_279
England,E12000004,E07000170,Ashfield,ASHFI_b2b38fd1e044,5c93cc2155f8,ASHFI_280
England,E12000004,E07000170,Ashfield,ASHFI_5efb8e921065,00086503177b,ASHFI_281
England,E12000004,E07000170,Ashfield,ASHFI_7dc4a406bfee,71346553458f,ASHFI_282
England,E12000004,E07000170,Ashfield,ASHFI_94bce9c9ff7f,ae1a0b478c87,ASHFI_283
England,E12000004,E07000170,Ashfield,ASHFI_9e6c1ae24835,83a140f74a1b,ASHFI_284
England,E12000004,E07000170,Ashfield,ASHFI_dbbcd41381e5,8e4d54243c31,ASHFI_285
England,E12000004,E07000170,Ashfield,ASHFI_180bba57030f,01d2faeb5db9,ASHFI_286
England,E12000004,E07000170,Ashfield,ASHFI_13e66ff16742,9b0062d89623,ASHFI_287
England,E12000004,E07000170,Ashfield,ASHFI_d912b9462f95,e8bd59358e0b,ASHFI_288
England,E12000004,E07000170,Ashfield,ASHFI_3e88c856af3b,403687bca194,ASHFI_289
England,E12000004,E07000170,Ashfield,ASHFI_fa6d1b7f93ee,8de2707bfb3b,ASHFI_290
England,E12000004,E07000170,Ashfield,ASHFI_81c19b624cfd,c35c97e838c4,ASHFI_291
England,E12000004,E07000170,Ashfield,ASHFI_fc2f6afa558c,ebf57bc2ed07,ASHFI_292
England,E12000004,E07000170,Ashfield,ASHFI_1f81073a8395,78bb28951936,ASHFI_293
England,E12000004,E07000170,Ashfield,ASHFI_a14213b8e15d,15fa8209e8bc,ASHFI_294
England,E12000004,E07000170,Ashfield,ASHFI_d5057dea44d5,2a8dc57c10bb,ASHFI_295
England,E12000004,E07000170,Ashfield,ASHFI_fcd87fb00d08,99e8b8885bd0,ASHFI_296
England,E12000004,E07000170,Ashfield,ASHFI_9bfdadebf145,80ad2d7926d3,ASHFI_297
England,E12000004,E07000170,Ashfield,ASHFI_70cab9796f79,a5a6d1e4d8ff,ASHFI_298
England,E12000004,E07000170,Ashfield,ASHFI_440aa3cea284,c2e7305b49bd,ASHFI_299
England,E12000004,E07000170,Ashfield,ASHFI_a6a2dd6e1929,22d440e44a7f,ASHFI_300
England,E12000004,E07000170,Ashfield,ASHFI_2494e3fbf40d,6f5e2bdaa7ca,ASHFI_301
England,E12000004,E07000170,Ashfield,ASHFI_95c598c9c5dc,5a58113c123c,ASHFI_302
England,E12000004,E07000170,Ashfield,ASHFI_3103d3ae973f,d77ad773aad7,ASHFI_303
England,E12000004,E07000170,Ashfield,ASHFI_d7a20c97d516,f8f33ec07b9b,ASHFI_304
England,E12000004,E07000170,Ashfield,ASHFI_b4754cf3118e,1f7a8f064fb8,ASHFI_305
England,E12000004,E07000170,Ashfield,ASHFI_2b123e39299b,66e430558838,ASHFI_306
England,E12000004,E07000170,Ashfield,ASHFI_728803f9f9c9,cdbf3847dde8,ASHFI_307
England,E12000004,E07000170,Ashfield,ASHFI_c3fcacff8001,49c59973c7a9,ASHFI_308
England,E12000004,E07000170,Ashfield,ASHFI_520fcd7a1412,5ee669dceb89,ASHFI_309
England,E12000004,E07000170,Ashfield,ASHFI_8bd4c79ea2a8,fd010fe94019,ASHFI_310
England,E12000004,E07000170,Ashfield,ASHFI_889c5559ee7a,b44b01238332,ASHFI_311
England,E12000004,E07000170,Ashfield,ASHFI_84122ded12fc,162deb4b18dc,ASHFI_312
England,E12000004,E07000170,Ashfield,ASHFI_d4bbc6fe84c9,6d12fbda8be9,ASHFI_313
England,E12000004,E07000170,Ashfield,ASHFI_adb1fa6ede63,9b528bc8996c,ASHFI_314
England,E12000004,E07000170,Ashfield,ASHFI_e40fc73c6838,914418f5ef64,ASHFI_315
England,E12000004,E07000170,Ashfield,ASHFI_b97fa6fe70b9,565e7f9372f4,ASHFI_316
England,E12000004,E07000170,Ashfield,ASHFI_62bd2c1e7c3b,4485607c1124,ASHFI_317
England,E12000004,E07000170,Ashfield,ASHFI_62ccb1bdf945,0a87bb06d0f4,ASHFI_318
England,E12000004,E07000170,Ashfield,ASHFI_d0544c129f97,745c110bc7d1,ASHFI_319
England,E12000004,E07000170,Ashfield,ASHFI_6a133c17dd84,5c3902016f80,ASHFI_320
England,E12000004,E07000170,Ashfield,ASHFI_afb88d853fd2,456dfece0717,ASHFI_321
England,E12000004,E07000170,Ashfield,ASHFI_01a3fb76ede4,46f99339f972,ASHFI_322
England,E12000004,E07000170,Ashfield,ASHFI_3b3fb43e5baa,3b8dd7a6946d,ASHFI_323
England,E12000004,E07000170,Ashfield,ASHFI_0124e2ff8019,70cdc18b72d4,ASHFI_324
England,E12000004,E07000170,Ashfield,ASHFI_8b9154847d28,cc30d49d0a5b,ASHFI_325
England,E12000004,E07000170,Ashfield,ASHFI_73cc4925e3f3,62da9602e988,ASHFI_326
England,E12000004,E07000170,Ashfield,ASHFI_c6269110a048,111280717481,ASHFI_327
England,E12000004,E07000170,Ashfield,ASHFI_abfa9ad4e234,8d05c4058c7f,ASHFI_328
England,E12000004,E07000170,Ashfield,ASHFI_5d566dd4bb30,b52ecfff2cfa,ASHFI_329
England,E12000004,E07000170,Ashfield,ASHFI_ea7faf5d1d27,faa5e313437b,ASHFI_330
England,E12000004,E07000170,Ashfield,ASHFI_5cb6021ff649,a317e33f4be9,ASHFI_331
England,E12000004,E07000170,Ashfield,ASHFI_8eb0aca84016,a91635d6a682,ASHFI_332
England,E12000004,E07000170,Ashfield,ASHFI_7d4635b4ada8,ecfc1e52a956,ASHFI_333
England,E12000004,E07000170,Ashfield,ASHFI_3826fc1978c0,13999d413b90,ASHFI_334
England,E12000004,E07000170,Ashfield,ASHFI_f6c65fe55dee,a1233b34e292,ASHFI_335
England,E12000004,E07000170,Ashfield,ASHFI_45efd6da0312,450b6b5a5937,ASHFI_336
England,E12000004,E07000170,Ashfield,ASHFI_0116e78de468,16960882a831,ASHFI_337
England,E12000004,E07000170,Ashfield,ASHFI_1b37876b85d8,bf93f9eb7f31,ASHFI_338
England,E12000004,E07000170,Ashfield,ASHFI_ebfe31017f69,5f4e92418149,ASHFI_339
England,E12000004,E07000170,Ashfield,ASHFI_bfb1aa889783,ffbea94d64ca,ASHFI_340
England,E12000004,E07000170,Ashfield,ASHFI_5a7b7f200509,95cce852dff5,ASHFI_341
England,E12000004,E07000170,Ashfield,ASHFI_8d22ae1a986d,8db322cfabc1,ASHFI_342
England,E12000004,E07000170,Ashfield,ASHFI_728692879256,66c2235aa35a,ASHFI_343
England,E12000004,E07000170,Ashfield,ASHFI_52de5fc5e08e,bd91213a3fe6,ASHFI_344
England,E12000004,E07000170,Ashfield,ASHFI_c252745f503c,63161b9c0de5,ASHFI_345
England,E12000004,E07000170,Ashfield,ASHFI_45b337f9cf5a,de2e95def90f,ASHFI_346
England,E12000004,E07000170,Ashfield,ASHFI_a88c38649e6d,5536ed39a88f,ASHFI_347
England,E12000004,E07000170,Ashfield,ASHFI_350aa768a1fb,363f8fac1ed0,ASHFI_348
England,E12000004,E07000170,Ashfield,ASHFI_cc670598e44f,02dc77178ff1,ASHFI_349
England,E12000004,E07000170,Ashfield,ASHFI_f58035af3104,48ecce44dffe,ASHFI_350
England,E12000004,E07000170,Ashfield,ASHFI_103c0de9e0a2,2ec29ecf8f7d,ASHFI_351
England,E12000004,E07000170,Ashfield,ASHFI_b163abe6d2a3,03cb91b1d5c0,ASHFI_352
England,E12000004,E07000170,Ashfield,ASHFI_6c179234dcf6,2b6ac1307474,ASHFI_353
England,E12000004,E07000170,Ashfield,ASHFI_16f71b5584a8,f182358ae18b,ASHFI_354
England,E12000004,E07000170,Ashfield,ASHFI_d6ccc0332264,4292134dd5cf,ASHFI_355
England,E12000004,E07000170,Ashfield,ASHFI_62dadfff53bf,25eed2bbf43c,ASHFI_356
England,E12000004,E07000170,Ashfield,ASHFI_09261a0e5f33,3d48a0854a71,ASHFI_357
England,E12000004,E07000170,Ashfield,ASHFI_0c10245feba1,c5db168b4b2e,ASHFI_358
England,E12000004,E07000170,Ashfield,ASHFI_e3c4374e587b,4452049bff1b,ASHFI_359
England,E12000004,E07000170,Ashfield,ASHFI_ed6f2dfef0b3,5f87bf8c0c5c,ASHFI_360
England,E12000004,E07000170,Ashfield,ASHFI_4dffe00fd5fa,1450c8a5eb4b,ASHFI_361
England,E12000004,E07000170,Ashfield,ASHFI_7e33e4c28c96,612515bbd56f,ASHFI_362
England,E12000004,E07000170,Ashfield,ASHFI_f24dde9374ae,095fb149013f,ASHFI_363
England,E12000004,E07000170,Ashfield,ASHFI_81ddc8d0c48e,a095dcfa067d,ASHFI_364
England,E12000004,E07000170,Ashfield,ASHFI_825c2296e30e,c3c608ccc6b1,ASHFI_365
England,E12000004,E07000170,Ashfield,ASHFI_b0594648b43b,ae80cbb8736e,ASHFI_366
England,E12000004,E07000170,Ashfield,ASHFI_78865f74a406,6c3862876832,ASHFI_367
England,E12000004,E07000170,Ashfield,ASHFI_0c49918fa7c7,b4b365a79e55,ASHFI_368
England,E12000004,E07000170,Ashfield,ASHFI_24782c17e265,94ab5c969589,ASHFI_369
England,E12000004,E07000170,Ashfield,ASHFI_afedce7a483f,7689b72cfc0f,ASHFI_370
England,E12000004,E07000170,Ashfield,ASHFI_3bb6d9635bc2,24653bd47ee7,ASHFI_371
England,E12000004,E07000170,Ashfield,ASHFI_119bf0201c13,4f78f2017a1a,ASHFI_372
England,E12000004,E07000170,Ashfield,ASHFI_7f0b5ca2de5f,50f5c6774caa,ASHFI_373
England,E12000004,E07000170,Ashfield,ASHFI_f52fab86c14b,e5ba80bc5e82,ASHFI_374
England,E12000004,E07000170,Ashfield,ASHFI_f7d61ca72334,87bd65ac3ca3,ASHFI_375
England,E12000004,E07000170,Ashfield,ASHFI_02a09c111b7d,ed311ebfdf13,ASHFI_376
England,E12000004,E07000170,Ashfield,ASHFI_604985591194,f358f3ae6a40,ASHFI_377
England,E12000004,E07000170,Ashfield,ASHFI_ea606d553b16,a9fabb9d472c,ASHFI_378
England,E12000004,E07000170,Ashfield,ASHFI_868de5807a6a,3c64601f371c,ASHFI_379
England,E12000004,E07000170,Ashfield,ASHFI_9315347e81b5,82ef6dac7620,ASHFI_380
England,E12000004,E07000170,Ashfield,ASHFI_395a1fbc3f59,efc26998abb4,ASHFI_381
England,E12000004,E07000170,Ashfield,ASHFI_6e143c400bb9,d4bc0203ef23,ASHFI_382
England,E12000004,E07000170,Ashfield,ASHFI_0bd37cae9c1c,2e1b6ff6eb60,ASHFI_383
England,E12000004,E07000170,Ashfield,ASHFI_87a240ebebf0,0ad368bc44eb,ASHFI_384
England,E12000004,E07000170,Ashfield,ASHFI_6fb0e5237b63,d11894b760ad,ASHFI_385
England,E12000004,E07000170,Ashfield,ASHFI_22ed366e8a82,1c928efa0ee7,ASHFI_386
England,E12000004,E07000170,Ashfield,ASHFI_9e323c51b089,02aaaf431ce8,ASHFI_387
England,E12000004,E07000170,Ashfield,ASHFI_b1580432e390,735f5d89aac1,ASHFI_388
England,E12000004,E07000170,Ashfield,ASHFI_4b02aba50396,a8329c3b2d2f,ASHFI_389
England,E12000004,E07000170,Ashfield,ASHFI_2c3d0ff4716e,55841ddefdea,ASHFI_390
England,E12000004,E07000170,Ashfield,ASHFI_fa2beabbdd18,fdea43d3a457,ASHFI_391
England,E12000004,E07000170,Ashfield,ASHFI_93c77871a58a,69387d10f677,ASHFI_392
England,E12000004,E07000170,Ashfield,ASHFI_1396a52ce691,ef29151252a4,ASHFI_393
England,E12000004,E07000170,Ashfield,ASHFI_1df824d701d5,7bbc270c4473,ASHFI_394
England,E12000004,E07000170,Ashfield,ASHFI_8fb3717e47f2,f68f8ab196c0,ASHFI_395
England,E12000004,E07000170,Ashfield,ASHFI_6379af3777f5,69637ae597a1,ASHFI_396
England,E12000004,E07000170,Ashfield,ASHFI_4526c570d0a0,7d70a65b2417,ASHFI_397
England,E12000004,E07000170,Ashfield,ASHFI_7f3e42b4add4,fe126d48c3b6,ASHFI_398
England,E12000004,E07000170,Ashfield,ASHFI_7d154aee9be5,2a9e3add3f8f,ASHFI_399
England,E12000004,E07000170,Ashfield,ASHFI_41c6196a1313,1efff1a35b3d,ASHFI_400
England,E12000004,E07000170,Ashfield,ASHFI_4ef39139b86b,6d5722b29295,ASHFI_401
England,E12000004,E07000170,Ashfield,ASHFI_723a145d4ff7,508e40d18c42,ASHFI_402
England,E12000004,E07000170,Ashfield,ASHFI_d71b3354a56b,a437de95182b,ASHFI_403
England,E12000004,E07000170,Ashfield,ASHFI_b7f77f51ee1e,6a0e07a2d401,ASHFI_404
England,E12000004,E07000170,Ashfield,ASHFI_3021acefd0e1,d336345eea3f,ASHFI_405
England,E12000004,E07000170,Ashfield,ASHFI_5392060f7da3,ff47dd49d95e,ASHFI_406
England,E12000004,E07000170,Ashfield,ASHFI_b73761cb97fe,232fea9e76b8,ASHFI_407
England,E12000004,E07000170,Ashfield,ASHFI_3d7ab2d5059b,b61bf190b329,ASHFI_408
England,E12000004,E07000170,Ashfield,ASHFI_0c0ca29b8198,b40e69f7fa34,ASHFI_409
England,E12000004,E07000170,Ashfield,ASHFI_2580638cd66c,ced3f76a03c3,ASHFI_410
England,E12000004,E07000170,Ashfield,ASHFI_8fb3a4ab37b9,df0f94fe3052,ASHFI_411
England,E12000004,E07000170,Ashfield,ASHFI_24c467bc5d40,c0719b528a81,ASHFI_412
England,E12000004,E07000170,Ashfield,ASHFI_67de2838c900,33d0a041c5b4,ASHFI_413
England,E12000004,E07000170,Ashfield,ASHFI_67587684ff90,c4af6a033536,ASHFI_414
England,E12000004,E07000170,Ashfield,ASHFI_7c91b35bb1c8,1a6184ea200f,ASHFI_415
England,E12000004,E07000170,Ashfield,ASHFI_ca90caaf4311,8e5f10cdf527,ASHFI_416
England,E12000004,E07000170,Ashfield,ASHFI_c8093c08f1be,1061fd6e4b87,ASHFI_417
England,E12000004,E07000170,Ashfield,ASHFI_127bf7963417,49b4828ddf87,ASHFI_418
England,E12000004,E07000170,Ashfield,ASHFI_088351b057c5,0881f8f38795,ASHFI_419
England,E12000004,E07000170,Ashfield,ASHFI_cbba0996e521,9867f5f976e6,ASHFI_420
England,E12000004,E07000170,Ashfield,ASHFI_059510c1b1bf,5c1948efa1dc,ASHFI_421
England,E12000004,E07000170,Ashfield,ASHFI_28e6fb9e89f7,b0a973236ab7,ASHFI_422
England,E12000004,E07000170,Ashfield,ASHFI_3c3860c3c424,d11ab9123cf2,ASHFI_423
England,E12000004,E07000170,Ashfield,ASHFI_c12e783fe3ae,ba96a7302331,ASHFI_424
England,E12000004,E07000170,Ashfield,ASHFI_8572723b4d81,e52866568ad8,ASHFI_425
England,E12000004,E07000170,Ashfield,ASHFI_0592859eab88,02f50e8395c2,ASHFI_426
England,E12000004,E07000170,Ashfield,ASHFI_2559aa560717,a96e9b8174db,ASHFI_427
England,E12000004,E07000170,Ashfield,ASHFI_8b4b3b894725,5507c4dc11fa,ASHFI_428
England,E12000004,E07000170,Ashfield,ASHFI_b0cc91daae01,6256d757fc3f,ASHFI_429
England,E12000004,E07000170,Ashfield,ASHFI_8a8153bbfa81,5a78d2a63a97,ASHFI_430
England,E12000004,E07000170,Ashfield,ASHFI_bd0201edbda5,6559d31ba563,ASHFI_431
England,E12000004,E07000170,Ashfield,ASHFI_ed765b2bf37b,1d627e7f11ba,ASHFI_432
England,E12000004,E07000170,Ashfield,ASHFI_e2565893452d,3feb55fcd1a6,ASHFI_433
England,E12000004,E07000170,Ashfield,ASHFI_ed57805d9b26,f5dcfaa626b0,ASHFI_434
England,E12000004,E07000170,Ashfield,ASHFI_672fd7f5c238,9a2ed30a20b9,ASHFI_435
England,E12000004,E07000170,Ashfield,ASHFI_b4d6d2e93eb7,ae80c10e4bbc,ASHFI_436
England,E12000004,E07000170,Ashfield,ASHFI_ff4607baabff,84700277b73b,ASHFI_437
England,E12000004,E07000170,Ashfield,ASHFI_5ad4cf405db3,9fae8b0b4446,ASHFI_438
England,E12000004,E07000170,Ashfield,ASHFI_044a00b3abb6,7ef1b3447c16,ASHFI_439
England,E12000004,E07000170,Ashfield,ASHFI_3730a93fb746,a67787cfc452,ASHFI_440
England,E12000004,E07000170,Ashfield,ASHFI_20d6d9f7cb65,a0b88af64654,ASHFI_441
England,E12000004,E07000170,Ashfield,ASHFI_d3333c028a39,fd818a02cb6a,ASHFI_442
England,E12000004,E07000170,Ashfield,ASHFI_8963db242eeb,bf466991020e,ASHFI_443
England,E12000004,E07000170,Ashfield,ASHFI_99ebb36a441e,d70f19f38f0e,ASHFI_444
England,E12000004,E07000170,Ashfield,ASHFI_b5a47cd9be32,5639d1fa1337,ASHFI_445
England,E12000004,E07000170,Ashfield,ASHFI_59b6c331d86d,8a8f84d6729a,ASHFI_446
England,E12000004,E07000170,Ashfield,ASHFI_59bd1636139d,65807946c5ee,ASHFI_447
England,E12000004,E07000170,Ashfield,ASHFI_1953bf72ab3d,3df5863569f0,ASHFI_448
England,E12000004,E07000170,Ashfield,ASHFI_339ffc2cf5cb,cba537126106,ASHFI_449
England,E12000004,E07000170,Ashfield,ASHFI_a24f8f0d1ec9,c4c721a481cf,ASHFI_450
England,E12000004,E07000170,Ashfield,ASHFI_883df5c4600f,beee5f891a03,ASHFI_451
England,E12000004,E07000170,Ashfield,ASHFI_db846a177c52,efd710038e94,ASHFI_452
England,E12000004,E07000170,Ashfield,ASHFI_1865993cf2d3,dc195a8c4704,ASHFI_453
England,E12000004,E07000170,Ashfield,ASHFI_67fa047229f8,7463c0e594cc,ASHFI_454
England,E12000004,E07000170,Ashfield,ASHFI_0ce09b9edc02,2fc8f2d2cf0d,ASHFI_455
England,E12000004,E07000170,Ashfield,ASHFI_cc52b876ab81,afe72d244b58,ASHFI_456
England,E12000004,E07000170,Ashfield,ASHFI_1c2111c58d37,41952d7c4042,ASHFI_457
England,E12000004,E07000170,Ashfield,ASHFI_4f76f1831d88,d3656281fda1,ASHFI_458
England,E12000004,E07000170,Ashfield,ASHFI_1bee1e8fb334,7b230f8ecaf4,ASHFI_459
England,E12000004,E07000170,Ashfield,ASHFI_3b1b5c530179,a0e436a2036b,ASHFI_460
England,E12000004,E07000170,Ashfield,ASHFI_cb0785f364bb,992c89deb509,ASHFI_461
England,E12000004,E07000170,Ashfield,ASHFI_a1fc0a469e4c,4774c6e385a1,ASHFI_462
England,E12000004,E07000170,Ashfield,ASHFI_ce2fe213f0b2,57370fcfbfa3,ASHFI_463
England,E12000004,E07000170,Ashfield,ASHFI_c229ac72212e,3f8b7d7646a2,ASHFI_464
England,E12000004,E07000170,Ashfield,ASHFI_3e14e724adaf,2e8462534d49,ASHFI_465
England,E12000004,E07000170,Ashfield,ASHFI_ec30c213e4dc,3bf513d57459,ASHFI_466
England,E12000004,E07000170,Ashfield,ASHFI_e08b8cf65794,083113d095aa,ASHFI_467
England,E12000004,E07000170,Ashfield,ASHFI_a2b05f601701,d81093099bf7,ASHFI_468
England,E12000004,E07000170,Ashfield,ASHFI_47cce51c828f,edee063352a8,ASHFI_469
England,E12000004,E07000170,Ashfield,ASHFI_a4d25a87e82a,fa4cb3c19f29,ASHFI_470
England,E12000004,E07000170,Ashfield,ASHFI_fde03f74541b,1465ee28d6ee,ASHFI_471
England,E12000004,E07000170,Ashfield,ASHFI_485bba73d442,2fd298ae21df,ASHFI_472
England,E12000004,E07000170,Ashfield,ASHFI_b417745f970e,8b35a9a76665,ASHFI_473
England,E12000004,E07000170,Ashfield,ASHFI_aa955a2a7dc6,f57b133bb323,ASHFI_474
England,E12000004,E07000170,Ashfield,ASHFI_4f971bd216e3,f4243dd98284,ASHFI_475
England,E12000004,E07000170,Ashfield,ASHFI_667d4a99b7eb,96f12decde82,ASHFI_476
England,E12000004,E07000170,Ashfield,ASHFI_93b501722061,c0e330e8d885,ASHFI_477
England,E12000004,E07000170,Ashfield,ASHFI_1a997dddb49a,70495f9f8a1b,ASHFI_478
England,E12000004,E07000170,Ashfield,ASHFI_344f57c77961,b55d498cd877,ASHFI_479
England,E12000004,E07000170,Ashfield,ASHFI_6f825ced96a4,20d1e4d17d1e,ASHFI_480
England,E12000004,E07000170,Ashfield,ASHFI_1cf837f73499,fcaa89f9b03b,ASHFI_481
England,E12000004,E07000170,Ashfield,ASHFI_d0f04af14c6e,23049446195f,ASHFI_482
England,E12000004,E07000170,Ashfield,ASHFI_11cf37e1ae0e,f96cf7b8d70b,ASHFI_483
England,E12000004,E07000170,Ashfield,ASHFI_60d36b0cfa5a,334b053ce87b,ASHFI_484
England,E12000004,E07000170,Ashfield,ASHFI_a52297ad2ee3,69a9fd7231b9,ASHFI_485
England,E12000004,E07000170,Ashfield,ASHFI_79fb1a282e52,1b5c853748a3,ASHFI_486
England,E12000004,E07000170,Ashfield,ASHFI_5962296ca4f9,6b467d6a9f0a,ASHFI_487
England,E12000004,E07000170,Ashfield,ASHFI_f8469b371123,f16bbc082c2e,ASHFI_488
England,E12000004,E07000170,Ashfield,ASHFI_66dc79ab8cb6,fe51c77718f0,ASHFI_489
England,E12000004,E07000170,Ashfield,ASHFI_c0e5345d056f,df21c64470a8,ASHFI_490
England,E12000004,E07000170,Ashfield,ASHFI_c79d24659a55,c3c81a408387,ASHFI_491
England,E12000004,E07000170,Ashfield,ASHFI_170bc861293b,8324b1e6df63,ASHFI_492
England,E12000004,E07000170,Ashfield,ASHFI_23fd712b1715,e991471b3318,ASHFI_493
England,E12000004,E07000170,Ashfield,ASHFI_404ff1fc9f19,e2cff746bab3,ASHFI_494
England,E12000004,E07000170,Ashfield,ASHFI_8c237b58f2ec,4ccc4c9aa955,ASHFI_495
England,E12000004,E07000170,Ashfield,ASHFI_26b3ccfd390b,f34222cf3920,ASHFI_496
England,E12000004,E07000170,Ashfield,ASHFI_22b9aaa96a71,a72cda6845d2,ASHFI_497
England,E12000004,E07000170,Ashfield,ASHFI_6405f9bc7cfd,d741509ecdb7,ASHFI_498
England,E12000004,E07000170,Ashfield,ASHFI_c88f5cb667e2,3f916482162a,ASHFI_499
England,E12000004,E07000170,Ashfield,ASHFI_d8654d4b2179,d209681b33ce,ASHFI_500
England,E12000004,E07000170,Ashfield,ASHFI_f3917b26df79,f9f40597ae8e,ASHFI_501
England,E12000004,E07000170,Ashfield,ASHFI_8c5b640849e4,b33a0d92c7c9,ASHFI_502
England,E12000004,E07000170,Ashfield,ASHFI_72d814a185de,97e094d5cf6e,ASHFI_503
England,E12000004,E07000170,Ashfield,ASHFI_01caf45bc940,152040fdb49a,ASHFI_504
England,E12000004,E07000170,Ashfield,ASHFI_f1c695e46a18,c2d0bc939549,ASHFI_505
England,E12000004,E07000170,Ashfield,ASHFI_d0008deeb493,f8c51f4e7494,ASHFI_506
England,E12000004,E07000170,Ashfield,ASHFI_53ed906a3baa,22fa4c7c066d,ASHFI_507
England,E12000004,E07000170,Ashfield,ASHFI_9f25dfc55474,81ffacdd8099,ASHFI_508
England,E12000004,E07000170,Ashfield,ASHFI_899130bb9eb7,57f41c558b98,ASHFI_509
England,E12000004,E07000170,Ashfield,ASHFI_af23f9d8801f,00d3949adfd4,ASHFI_510
England,E12000004,E07000170,Ashfield,ASHFI_fa0e1332bb19,881b3b209bfb,ASHFI_511
England,E12000004,E07000170,Ashfield,ASHFI_879eff75e508,ba93e1568b6b,ASHFI_512
England,E12000004,E07000170,Ashfield,ASHFI_046450a86ada,b390bd2d06e5,ASHFI_513
England,E12000004,E07000170,Ashfield,ASHFI_67a3b1feb42d,be7eaeb12f47,ASHFI_514
England,E12000004,E07000170,Ashfield,ASHFI_1eed67c926d3,b46d0594a404,ASHFI_515
England,E12000004,E07000170,Ashfield,ASHFI_aa1c73c41f74,3f84ee078ba5,ASHFI_516
England,E12000004,E07000170,Ashfield,ASHFI_f061d8f4fdbd,664b7ddda7d0,ASHFI_517
England,E12000004,E07000170,Ashfield,ASHFI_8bfd88f50090,09fdd7184855,ASHFI_518
England,E12000004,E07000170,Ashfield,ASHFI_185601182c22,91b4c69f7d59,ASHFI_519
England,E12000004,E07000170,Ashfield,ASHFI_0ed6099227bc,e25d9daf063b,ASHFI_520
England,E12000004,E07000170,Ashfield,ASHFI_ed8f46f37bab,033a39ec7cad,ASHFI_521
England,E12000004,E07000170,Ashfield,ASHFI_f9332fa3621e,294a5f985613,ASHFI_522
England,E12000004,E07000170,Ashfield,ASHFI_596b2df99a4a,0867c1193553,ASHFI_523
England,E12000004,E07000170,Ashfield,ASHFI_9555c1726052,b97b464b1bab,ASHFI_524
England,E12000004,E07000170,Ashfield,ASHFI_357c1b84d616,5e12f149517a,ASHFI_525
England,E12000004,E07000170,Ashfield,ASHFI_73c3c7979bfb,2e584808cc41,ASHFI_526
England,E12000004,E07000170,Ashfield,ASHFI_9c709438efea,25453b37655a,ASHFI_527
England,E12000004,E07000170,Ashfield,ASHFI_7996e4a20be0,111903b472f2,ASHFI_528
England,E12000004,E07000170,Ashfield,ASHFI_8702d88257f2,493124c2db06,ASHFI_529
England,E12000004,E07000170,Ashfield,ASHFI_47c72f9750f8,4429b0dd27f4,ASHFI_530
England,E12000004,E07000170,Ashfield,ASHFI_e39553d5e5ab,5846f781c6f4,ASHFI_531
England,E12000004,E07000170,Ashfield,ASHFI_9ad2af457030,713c94b22934,ASHFI_532
England,E12000004,E07000170,Ashfield,ASHFI_37e5522ee2ff,fbf64a79d4ab,ASHFI_533
England,E12000004,E07000170,Ashfield,ASHFI_597c37bd7fa2,bf78875d7eb5,ASHFI_534
England,E12000004,E07000170,Ashfield,ASHFI_e9251f72548c,d0932e2f82a1,ASHFI_535
England,E12000004,E07000170,Ashfield,ASHFI_e55dcead2241,79c1d9264dd8,ASHFI_536
England,E12000004,E07000170,Ashfield,ASHFI_656bc891d7d2,fcc8fb91da03,ASHFI_537
England,E12000004,E07000170,Ashfield,ASHFI_3750b64d3055,59698f487227,ASHFI_538
England,E12000004,E07000170,Ashfield,ASHFI_33b5dfb726d0,450e6daef603,ASHFI_539
England,E12000004,E07000170,Ashfield,ASHFI_de6a80630acc,0d3245f7c59f,ASHFI_540
England,E12000004,E07000170,Ashfield,ASHFI_adf430682eb0,7eca5560d8fe,ASHFI_541
England,E12000004,E07000170,Ashfield,ASHFI_dc17152cc1d5,12a1850a79ac,ASHFI_542
England,E12000004,E07000170,Ashfield,ASHFI_fb7817bdf316,606a42350132,ASHFI_543
England,E12000004,E07000170,Ashfield,ASHFI_cfe6d16ae9ca,ee5d6a15b63d,ASHFI_544
England,E12000004,E07000170,Ashfield,ASHFI_b804b7c28a91,93476924ebb0,ASHFI_545
England,E12000004,E07000170,Ashfield,ASHFI_69ddc0220f59,1fb12fc9b738,ASHFI_546
England,E12000004,E07000170,Ashfield,ASHFI_7d14adbfe4b9,ef0551fd991f,ASHFI_547
England,E12000004,E07000170,Ashfield,ASHFI_baa81c20acd4,91669b128990,ASHFI_548
England,E12000004,E07000170,Ashfield,ASHFI_0ef3ae29db5f,2272a97eab3b,ASHFI_549
England,E12000004,E07000170,Ashfield,ASHFI_e5f7d5a100de,cfc117c3f566,ASHFI_550
England,E12000004,E07000170,Ashfield,ASHFI_743a22ec85d7,1dcfdcec85f9,ASHFI_551
England,E12000004,E07000170,Ashfield,ASHFI_846f0d5038a6,45586dcdf104,ASHFI_552
England,E12000004,E07000170,Ashfield,ASHFI_0e001539b6e3,56ace79792c0,ASHFI_553
England,E12000004,E07000170,Ashfield,ASHFI_042ba3ca9b38,a03a4db710e8,ASHFI_554
England,E12000004,E07000170,Ashfield,ASHFI_f89448a6709a,a7feeec4d1ec,ASHFI_555
England,E12000004,E07000170,Ashfield,ASHFI_b2a2ca17ebc3,bb2c53969d73,ASHFI_556
England,E12000004,E07000170,Ashfield,ASHFI_67bc31412435,d9e209751da6,ASHFI_557
England,E12000004,E07000170,Ashfield,ASHFI_2d7147ebee3c,3a4dc6591b43,ASHFI_558
England,E12000004,E07000170,Ashfield,ASHFI_3127821e5d4b,dc618444f3d5,ASHFI_559
England,E12000004,E07000170,Ashfield,ASHFI_f4671c19516b,1b275460cfa6,ASHFI_560
England,E12000004,E07000170,Ashfield,ASHFI_ada02a142d3c,fee856075dbd,ASHFI_561
England,E12000004,E07000170,Ashfield,ASHFI_f9e2cbf74403,5f58142f8078,ASHFI_562
England,E12000004,E07000170,Ashfield,ASHFI_726173c104f8,a7a4a4bdc7ab,ASHFI_563
England,E12000004,E07000170,Ashfield,ASHFI_ef5e5159247a,7a720cf9dfde,ASHFI_564
England,E12000004,E07000170,Ashfield,ASHFI_ba230a53a3e7,38348c93a7d6,ASHFI_565
England,E12000004,E07000170,Ashfield,ASHFI_d7a8d8102778,b9c9a7e6de71,ASHFI_566
England,E12000004,E07000170,Ashfield,ASHFI_1d7cff660670,1e247650e670,ASHFI_567
England,E12000004,E07000170,Ashfield,ASHFI_776022194d29,6d37ef9add6f,ASHFI_568
England,E12000004,E07000170,Ashfield,ASHFI_bbad0874a4d3,0336e3da75ee,ASHFI_569
England,E12000004,E07000170,Ashfield,ASHFI_a2028621a741,02e92c70e44f,ASHFI_570
England,E12000004,E07000170,Ashfield,ASHFI_b4b600e0a67f,ed9a597b6157,ASHFI_571
England,E12000004,E07000170,Ashfield,ASHFI_ac07b97d5e2d,4f67fb47a8a3,ASHFI_572
England,E12000004,E07000170,Ashfield,ASHFI_1f45ca44b297,2b4194a15994,ASHFI_573
England,E12000004,E07000170,Ashfield,ASHFI_d8a2bca06aa5,5ebc01eb56be,ASHFI_574
England,E12000004,E07000170,Ashfield,ASHFI_6f622ee60c8d,d5d0f83e3847,ASHFI_575
England,E12000004,E07000170,Ashfield,ASHFI_bad4b4484f10,44f4c857aae9,ASHFI_576
England,E12000004,E07000170,Ashfield,ASHFI_3e7475ad1871,26567da241c8,ASHFI_577
England,E12000004,E07000170,Ashfield,ASHFI_c5b0a84f891d,d4f2f8fbd041,ASHFI_578
England,E12000004,E07000170,Ashfield,ASHFI_da8c44a6013c,c23aea016e7a,ASHFI_579
England,E12000004,E07000170,Ashfield,ASHFI_d150e6697ec7,143e1d61947e,ASHFI_580
England,E12000004,E07000170,Ashfield,ASHFI_9a29a2e9bc41,0506bddb2566,ASHFI_581
England,E12000004,E07000170,Ashfield,ASHFI_63b32bf84194,1d44655e1684,ASHFI_582
England,E12000004,E07000170,Ashfield,ASHFI_8f9bb11ef6ae,173ea9140c8c,ASHFI_583
England,E12000004,E07000170,Ashfield,ASHFI_3b9675b0bd10,25b953fc2fca,ASHFI_584
England,E12000004,E07000170,Ashfield,ASHFI_3941e3fe8d2b,e2de14473429,ASHFI_585
England,E12000004,E07000170,Ashfield,ASHFI_c86998a38e52,54434f7ed83c,ASHFI_586
England,E12000004,E07000170,Ashfield,ASHFI_e6cb0cc6eff7,809b83f48a11,ASHFI_587
England,E12000004,E07000170,Ashfield,ASHFI_de8f53c28e0d,6cffa6b3a5d6,ASHFI_588
England,E12000004,E07000170,Ashfield,ASHFI_3154bff790e9,b604c9814f4c,ASHFI_589
England,E12000004,E07000170,Ashfield,ASHFI_bfe87caf370b,187c4ec1be24,ASHFI_590
England,E12000004,E07000170,Ashfield,ASHFI_97c2b5f26402,cb4219806227,ASHFI_591
England,E12000004,E07000170,Ashfield,ASHFI_07fdad355cb1,cec70f306fb9,ASHFI_592
England,E12000004,E07000170,Ashfield,ASHFI_868b84de819d,5f683348c27b,ASHFI_593
England,E12000004,E07000170,Ashfield,ASHFI_f6398ab98735,6c190a6cfaed,ASHFI_594
England,E12000004,E07000170,Ashfield,ASHFI_be956fb03e33,33e3e091c11e,ASHFI_595
England,E12000004,E07000170,Ashfield,ASHFI_e753aa251c73,a1fe2ab77bd9,ASHFI_596
England,E12000004,E07000170,Ashfield,ASHFI_4c16489ce229,0b9dfd84290a,ASHFI_597
England,E12000004,E07000170,Ashfield,ASHFI_17e1762161bf,ce8e10f77ec7,ASHFI_598
England,E12000004,E07000170,Ashfield,ASHFI_af433fba017e,36722e3a6495,ASHFI_599
England,E12000004,E07000170,Ashfield,ASHFI_f116107a3cb3,1a419a0d854e,ASHFI_600
England,E12000004,E07000170,Ashfield,ASHFI_514ead0f1a55,4c21d0b57508,ASHFI_601
England,E12000004,E07000170,Ashfield,ASHFI_a7e4a1984e32,94019d147f78,ASHFI_602
England,E12000004,E07000170,Ashfield,ASHFI_5dd366712354,abfee92542f1,ASHFI_603
England,E12000004,E07000170,Ashfield,ASHFI_4d590c463965,bfed3dc7c77f,ASHFI_604
England,E12000004,E07000170,Ashfield,ASHFI_6c2845579789,88e74999ce06,ASHFI_605
England,E12000004,E07000170,Ashfield,ASHFI_6cc929822c71,46871b415b0e,ASHFI_606
England,E12000004,E07000170,Ashfield,ASHFI_03c3cf848004,ee45e5640266,ASHFI_607
England,E12000004,E07000170,Ashfield,ASHFI_85555c6bcfd1,a7e8b545c69e,ASHFI_608
England,E12000004,E07000170,Ashfield,ASHFI_a743e771dc10,c14ef948cb46,ASHFI_609
England,E12000004,E07000170,Ashfield,ASHFI_f338d3f17a12,6fc67aef3233,ASHFI_610
England,E12000004,E07000170,Ashfield,ASHFI_14e14ed60d22,c64f5d798df5,ASHFI_611
England,E12000004,E07000170,Ashfield,ASHFI_89de021201af,6f7cb9aef303,ASHFI_612
England,E12000004,E07000170,Ashfield,ASHFI_28fff4cf6e49,0d93ef3ae165,ASHFI_613
England,E12000004,E07000170,Ashfield,ASHFI_1c1b869067f1,0d2085b5a9c4,ASHFI_614
England,E12000004,E07000170,Ashfield,ASHFI_a49bbacc0282,5f1d464b2f23,ASHFI_615
England,E12000004,E07000170,Ashfield,ASHFI_c51b5265d56f,627a03be3066,ASHFI_616
England,E12000004,E07000170,Ashfield,ASHFI_276c677f617e,e184e99c136d,ASHFI_617
England,E12000004,E07000170,Ashfield,ASHFI_c9fb0d30a1c2,4766ba1639c0,ASHFI_618
England,E12000004,E07000170,Ashfield,ASHFI_cc5ee3eae220,38130c7929cf,ASHFI_619
England,E12000004,E07000170,Ashfield,ASHFI_aef3912f8fd7,f0ea4a98bd62,ASHFI_620
England,E12000004,E07000170,Ashfield,ASHFI_2ebeb2842b09,841a7b8d5fef,ASHFI_621
England,E12000004,E07000170,Ashfield,ASHFI_cbf98ea23bde,b2f843424da2,ASHFI_622
England,E12000004,E07000170,Ashfield,ASHFI_bd0e6c55797a,f3e0b9adb69f,ASHFI_623
England,E12000004,E07000170,Ashfield,ASHFI_9a2077d91f2f,2a384b33f8d0,ASHFI_624
England,E12000004,E07000170,Ashfield,ASHFI_d98fd79aaf0f,8dac49d28b8b,ASHFI_625
England,E12000004,E07000170,Ashfield,ASHFI_38b4500382f6,e2302b08144f,ASHFI_626
England,E12000004,E07000170,Ashfield,ASHFI_e62282edd12e,89feb2cd3eb0,ASHFI_627
England,E12000004,E07000170,Ashfield,ASHFI_25ef3aa30786,4a2c4abf3b1e,ASHFI_628
England,E12000004,E07000170,Ashfield,ASHFI_9f19e483dd25,52b59ffc0b8a,ASHFI_629
England,E12000004,E07000170,Ashfield,ASHFI_31e6ed5c9473,1e12359010c2,ASHFI_630
England,E12000004,E07000170,Ashfield,ASHFI_d99d90c5399f,dc23300137e5,ASHFI_631
England,E12000004,E07000170,Ashfield,ASHFI_b1e841528af7,476fd5b092ae,ASHFI_632
England,E12000004,E07000170,Ashfield,ASHFI_7fe0ec0e4202,64d95d1bfdc0,ASHFI_633
England,E12000004,E07000170,Ashfield,ASHFI_feb00bf63ef6,2582530fbfbc,ASHFI_634
England,E12000004,E07000170,Ashfield,ASHFI_3fc2c32e2498,39966735676f,ASHFI_635
England,E12000004,E07000170,Ashfield,ASHFI_6499f4d2c134,9094d2112e61,ASHFI_636
England,E12000004,E07000170,Ashfield,ASHFI_47ad6ff57c98,528ecdd4cfe8,ASHFI_637
England,E12000004,E07000170,Ashfield,ASHFI_727767b2508c,4074c893e229,ASHFI_638
England,E12000004,E07000170,Ashfield,ASHFI_229442c26ef8,851ff2171c2d,ASHFI_639
England,E12000004,E07000170,Ashfield,ASHFI_9a7100f43e7d,2d772adcbf43,ASHFI_640
England,E12000004,E07000170,Ashfield,ASHFI_93063d37da11,a971728c3d39,ASHFI_641
England,E12000004,E07000170,Ashfield,ASHFI_e6fc319e01cd,e540b49a7b5c,ASHFI_642
England,E12000004,E07000170,Ashfield,ASHFI_f15c8a265421,efc9695b12ba,ASHFI_643
England,E12000004,E07000170,Ashfield,ASHFI_0d2ad387e1e6,f24f25952593,ASHFI_644
England,E12000004,E07000170,Ashfield,ASHFI_aab622367d7c,5d9da111f2e8,ASHFI_645
England,E12000004,E07000170,Ashfield,ASHFI_bba5e3436934,30515161a8a1,ASHFI_646
England,E12000004,E07000170,Ashfield,ASHFI_7de5ee32eabc,60722edc2160,ASHFI_647
England,E12000004,E07000170,Ashfield,ASHFI_6390000687e0,423c45a2191c,ASHFI_648
England,E12000004,E07000170,Ashfield,ASHFI_0b4e299a787b,0fe293980f9f,ASHFI_649
England,E12000004,E07000170,Ashfield,ASHFI_b5f2c82e0df0,28aed95be21e,ASHFI_650
England,E12000004,E07000170,Ashfield,ASHFI_d14c5c39d619,59285614a958,ASHFI_651
England,E12000004,E07000170,Ashfield,ASHFI_b8c7285f3791,8d61ff1fda7a,ASHFI_652
England,E12000004,E07000170,Ashfield,ASHFI_bf3ae2e66469,86a38c06968d,ASHFI_653
England,E12000004,E07000170,Ashfield,ASHFI_75190e3f46f7,89b8b3de17fb,ASHFI_654
England,E12000004,E07000170,Ashfield,ASHFI_1dd2f0c96bd9,0aa53e44e5c7,ASHFI_655
England,E12000004,E07000170,Ashfield,ASHFI_731442d6d738,784ab97fad45,ASHFI_656
England,E12000004,E07000170,Ashfield,ASHFI_a1dedf480ed4,d8c4c730edd1,ASHFI_657
England,E12000004,E07000170,Ashfield,ASHFI_f96621deafb0,f6c4ef7182f0,ASHFI_658
England,E12000004,E07000170,Ashfield,ASHFI_ff029a51342f,b36048826e6d,ASHFI_659
England,E12000004,E07000170,Ashfield,ASHFI_72642103498c,0c64ed78a9d1,ASHFI_660
England,E12000004,E07000170,Ashfield,ASHFI_de17492011fc,fd90e11f15e5,ASHFI_661
England,E12000004,E07000170,Ashfield,ASHFI_e0501a6c0d95,22ae73e3100e,ASHFI_662
England,E12000004,E07000170,Ashfield,ASHFI_459fc1318c91,b0ac873ef146,ASHFI_663
England,E12000004,E07000170,Ashfield,ASHFI_c863699a35f5,2afcfcc34a50,ASHFI_664
England,E12000004,E07000170,Ashfield,ASHFI_70f03d923bbc,c193d2aac237,ASHFI_665
England,E12000004,E07000170,Ashfield,ASHFI_9baf40dd3e17,191a5988aa6d,ASHFI_666
England,E12000004,E07000170,Ashfield,ASHFI_10e6221a81db,47232553f257,ASHFI_667
England,E12000004,E07000170,Ashfield,ASHFI_b736386daf92,dc814cb1c022,ASHFI_668
England,E12000004,E07000170,Ashfield,ASHFI_8771ff01aa74,0a1033af53dc,ASHFI_669
England,E12000004,E07000170,Ashfield,ASHFI_34de9f2dd025,7c805b11e21b,ASHFI_670
England,E12000004,E07000170,Ashfield,ASHFI_8df8cd595916,c0507e12234f,ASHFI_671
England,E12000004,E07000170,Ashfield,ASHFI_775b863bdfba,85101ca5ea4a,ASHFI_672
England,E12000004,E07000170,Ashfield,ASHFI_ba5789c39551,221b90c57224,ASHFI_673
England,E12000004,E07000170,Ashfield,ASHFI_dd63d40c8d1f,d19b999d5de3,ASHFI_674
England,E12000004,E07000170,Ashfield,ASHFI_a4cca21c2929,781182698c2b,ASHFI_675
England,E12000004,E07000170,Ashfield,ASHFI_a1e001fc5f17,fc56f2895856,ASHFI_676
England,E12000004,E07000170,Ashfield,ASHFI_9cb821210165,f10463c6e8ee,ASHFI_677
England,E12000004,E07000170,Ashfield,ASHFI_7425285cde1e,40e509e188da,ASHFI_678
England,E12000004,E07000170,Ashfield,ASHFI_4344a9222944,7a6890192300,ASHFI_679
England,E12000004,E07000170,Ashfield,ASHFI_38ca50029733,ba09eee41462,ASHFI_680
England,E12000004,E07000170,Ashfield,ASHFI_3e065e9423be,91304efa2fe9,ASHFI_681
England,E12000004,E07000170,Ashfield,ASHFI_9499b53e1690,9ad8be7a4f80,ASHFI_682
England,E12000004,E07000170,Ashfield,ASHFI_46bf3cc8f5a7,a66003f7a1fc,ASHFI_683
England,E12000004,E07000170,Ashfield,ASHFI_c2c8056f072f,0e5b88a9dc1e,ASHFI_684
England,E12000004,E07000170,Ashfield,ASHFI_17a5906044a4,cd4df02f9ab1,ASHFI_685
England,E12000004,E07000170,Ashfield,ASHFI_13dabd3eb2a2,23060411b661,ASHFI_686
England,E12000004,E07000170,Ashfield,ASHFI_9c974a051c9b,7f08ff135412,ASHFI_687
England,E12000004,E07000170,Ashfield,ASHFI_c6f6a9d7d749,d3f12f0201e1,ASHFI_688
England,E12000004,E07000170,Ashfield,ASHFI_7b09111a9f27,1080439af792,ASHFI_689
England,E12000004,E07000170,Ashfield,ASHFI_02602c9c7c68,bc13c0e55204,ASHFI_690
England,E12000004,E07000170,Ashfield,ASHFI_3d1eb91b8a5b,7e921ed2ac2e,ASHFI_691
England,E12000004,E07000170,Ashfield,ASHFI_dbdfe5b7cef8,c2c61a1695eb,ASHFI_692
England,E12000004,E07000170,Ashfield,ASHFI_dcb7446134bf,807a38021296,ASHFI_693
England,E12000004,E07000170,Ashfield,ASHFI_ab8e57b9522b,faf6cc09b62f,ASHFI_694
England,E12000004,E07000170,Ashfield,ASHFI_50420f936f32,2fa4fd27cbab,ASHFI_695
England,E12000004,E07000170,Ashfield,ASHFI_142bc0cfdb5c,3c33f9e909d0,ASHFI_696
England,E12000004,E07000170,Ashfield,ASHFI_a5b61dd56a94,f8a8ff8b2555,ASHFI_697
England,E12000004,E07000170,Ashfield,ASHFI_c8d2d66c6997,d65fae11148e,ASHFI_698
England,E12000004,E07000170,Ashfield,ASHFI_38927bb025b3,1bc17fbc64cf,ASHFI_699
England,E12000004,E07000170,Ashfield,ASHFI_9622a9e4d6a0,03ae606314b5,ASHFI_700
England,E12000004,E07000170,Ashfield,ASHFI_192f757dc443,30d9160212de,ASHFI_701
England,E12000004,E07000170,Ashfield,ASHFI_48514d85e7b1,9f3e713b80c5,ASHFI_702
England,E12000004,E07000170,Ashfield,ASHFI_fd30a3dcdda0,e093a5828783,ASHFI_703
England,E12000004,E07000170,Ashfield,ASHFI_07fea276a9aa,02192f1dc7a5,ASHFI_704
England,E12000004,E07000170,Ashfield,ASHFI_c8d93e78358e,797e0ccfdada,ASHFI_705
England,E12000004,E07000170,Ashfield,ASHFI_e08e715a4439,87e132458d7f,ASHFI_706
England,E12000004,E07000170,Ashfield,ASHFI_0a30eea0ed9c,90790126812b,ASHFI_707
England,E12000004,E07000170,Ashfield,ASHFI_c03b9976f7bd,c5d44347d695,ASHFI_708
England,E12000004,E07000170,Ashfield,ASHFI_7d00bf6b9207,256bda6c5abd,ASHFI_709
England,E12000004,E07000170,Ashfield,ASHFI_7e3592ba4b5d,e7c00f8b85c3,ASHFI_710
England,E12000004,E07000170,Ashfield,ASHFI_f4c1cc1fed9d,3cc506823da3,ASHFI_711
England,E12000004,E07000170,Ashfield,ASHFI_ba4e4396297c,29e953f334d6,ASHFI_712
England,E12000004,E07000170,Ashfield,ASHFI_8735348318e2,9051bca79672,ASHFI_713
England,E12000004,E07000170,Ashfield,ASHFI_d44eddfe5b09,54cce275fb12,ASHFI_714
England,E12000004,E07000170,Ashfield,ASHFI_f5e445cd6368,f6e408418637,ASHFI_715
England,E12000004,E07000170,Ashfield,ASHFI_c106a1877c73,7f05ea676b13,ASHFI_716
England,E12000004,E07000170,Ashfield,ASHFI_28d7ea35ce2f,134f125cdade,ASHFI_717
England,E12000004,E07000170,Ashfield,ASHFI_40d6fd20282c,5ba196e972c2,ASHFI_718
England,E12000004,E07000170,Ashfield,ASHFI_51a54e8354d1,9fc0da299760,ASHFI_719
England,E12000004,E07000170,Ashfield,ASHFI_c39d4365b979,43faedd8399a,ASHFI_720
England,E12000004,E07000170,Ashfield,ASHFI_a2456f6523ab,3e4d63a2772a,ASHFI_721
England,E12000004,E07000170,Ashfield,ASHFI_20ca16b6576b,1dbf7acc3285,ASHFI_722
England,E12000004,E07000170,Ashfield,ASHFI_1b37fb23b5f1,99e678745f2d,ASHFI_723
